1 4 0 IN EA 25 2
2 8 1 OT EN 32 0 26 3 27 5 28 7
3 6 3 IN NE 29 0 30 2 31 5
4 6 3 PL SU 25 0 32 2 26 5
5 6 2 OV EK 33 0 28 1 34 4 29 5
6 3 0 AI FU 31 2
7 4 1 UM OO 26 0 33 3
8 5 2 EE OW 35 1 32 4
9 7 1 WI OA 34 0 36 3 31 6
10 4 1 AR VI 33 0
11 8 1 ER VI 39 0 37 3 38 5 33 7
12 6 0 LA CR 36 2 40 4
13 6 4 CE ZA 35 1 39 3
14 8 5 NC ST 43 0 41 2 42 4 36 7
15 4 1 XL ID 43 3
16 7 4 SI ER 44 0 39 3 45 6
17 5 1 TR WO 46 0 40 3
18 4 1 OA TI 43 0 47 3
19 3 1 IX OO 44 0
20 6 2 SK RP 48 0 45 1 49 4 43 5
21 6 1 ND LB 47 0 46 3 50 5
22 6 1 NJ MP 44 0 51 3 48 5
23 8 5 OW UR 49 0 52 2 47 4 46 7
24 4 2 OU IS 50 1
25 5 2 IR UM 1 0 4 4
26 6 2 AP IS 2 1 7 5
27 4 2 TU SK 2 1
28 5 2 AC NT 2 1 5 4
29 5 0 EX LA 3 2 5 4
30 4 0 ZE OP 3 2
31 8 0 UL EX 3 2 6 4 9 7
32 6 1 YB OR 2 0 4 3 8 5
33 6 2 LE OK 5 0 7 1 10 4 11 5
34 4 1 MI AS 5 0 9 3
35 7 2 ES UD 8 1 13 6
36 7 0 GE PO 9 2 12 4 14 6
37 5 1 EG OC 11 3
38 4 0 QU DR 11 2
39 7 5 TY IA 11 0 13 2 16 4
40 7 3 TO RI 12 0 17 5
41 4 2 EA HY 14 1
42 5 2 SS NJ 14 1
43 6 2 TE SI 14 0 15 1 18 4 20 5
44 8 6 ON NG 16 0 19 3 22 5
45 4 1 AG OD 16 0 20 3
46 6 3 VE GA 17 0 21 2 23 5
47 6 2 MO CI 18 0 21 1 23 4
48 5 3 CK WY 20 0 22 2
49 5 1 RO VA 20 0 23 3
50 5 1 IX LO 21 0 24 4
51 4 2 LK RT 22 1
52 4 0 FO BA 23 2